1962	433.3511795396825
1963	448.48554415139404
1964	489.16551569960467
1965	480.82985311111105
1966	408.9866005873015
1967	499.4905379123505
1968	425.8838481415928
1969	328.94249967600007
1970	297.1336121732284
1971	321.8779635454545
1972	387.7241042231077
1973	344.04216161507935
1974	208.1111663003953
1975	202.59238702766802
1976	264.75987640316214
1977	265.3878906111109
1978	268.09225603174616
1979	168.25939122529644
1980	63.24407114624506
1981	58.015810276679844
1982	69.19416996047431
1983	115.02050404347827
1984	115.84239130434783
1985	130.32986111111111
1986	140.98616600790513
1987	145.08794466403162
1988	116.53804347826087
1989	111.68551587301587
1990	108.66847826086956
1991	105.67490118577075
1992	83.9876968503937
1993	49.23320158102767
1994	62.84027777777778
1995	91.90228174603175
1996	116.93454724409449
1997	120.46096837944664
1998	124.23834325396825
1999	145.28794642857142
2000	110.6889880952381
2001	107.33590735080644
2002	84.28964273809525
2003	85.03575392857135
2004	90.72388872619052
2005	83.81428572222221
2006	82.97860569322714
2007	105.69063756972106
2008	110.04359688932803
2009	108.9049999960317
2010	131.67321385714283
2011	170.73115121825398
2012	196.52916048799992
2013	194.07035692063488
2014	182.26071408730155
2015	162.89503116149066
