1962	110315.62345699998
1963	113430.25217199995
1964	124523.25238000003
1965	121794.99598800001
1966	103841.49977500006
1967	126252.87495600001
1968	96909.49962900001
1969	82808.000044
1970	76143.62513100001
1971	81991.68735700002
1972	97948.24977899998
1973	87445.25222200002
1974	53245.50232799999
1975	51808.50198399997
1976	67441.75034000003
1977	67215.12389399999
1978	68073.25072300005
1979	42844.500523999995
1980	16190.25
1981	14807.375
1982	17684.75
1983	29355.75
1984	29541.875
1985	33091.375
1986	35954.75
1987	37108.625
1988	29721.25
1989	28343.5
1990	27728.625
1991	26956.125
1992	21512.5
1993	12595.375
1994	16012.046879
1995	23410.312523
1996	30121.75
1997	30899.375
1998	31738.4375
1999	37110.375
2000	28415.9375
2001	27041.78499500001
2002	21540.199995999996
2003	21640.449968
2004	23030.609972000002
2005	21281.979981999986
2006	21001.759992000014
2007	26776.140005999976
2008	28254.54996200001
2009	27769.600034000006
2010	33442.25990899998
2011	43393.47004400001
2012	49454.510123999964
2013	49226.58998699998
2014	46238.150004
2015	26422.340089999998
